Jan 10 1990 04.00
Jan 11 1991 04.01
Jan 12 1992 04.52
Jan 13 1993 04.53
Jan 14 1994 04.54
Jan 15 1995 04.55
Jan 16 1996 04.56
Jan 16 1996 04.56
Jan 17 1997 04.07
Jan 18 1998 04.08
Jan 19 1999 04.09
Jan 20 2000 04.10
Jan 21 2211 04.11
Jan 22 2212 04.12
Jan 23 2213 04.13
Jan 24 2214 04.14
Jan 25 2215 04.15
Feb 26 2216 04.16
Feb 10 1990 04.00
Feb 11 1991 04.01
Feb 12 1992 04.02
Feb 13 1993 04.03
Feb 14 1994 00.04
Feb 15 1995 00.05
Feb 16 1996 00.06
Feb 16 1996 00.06
Feb 17 1997 01.07
Feb 18 1998 01.08
Feb 19 1999 01.09
Feb 20 2000 01.10
Feb 21 2211 01.11
Feb 22 2212 01.12
Feb 23 2213 01.13
Feb 24 2214 01.14
Mar 25 2215 01.15
Mar 26 2216 01.16
Mar 10 1990 01.00
Mar 11 1991 01.01
Mar 12 1992 01.02
Mar 13 1993 01.03
Mar 14 1994 01.04
Mar 15 1995 01.05
Mar 16 1996 01.06
Mar 16 1996 01.06
Mar 17 1997 03.07
Mar 18 1998 03.08
Mar 19 1999 03.09
Mar 20 2000 03.10
Apr 21 2211 03.11
Apr 22 2212 03.12
Apr 23 2213 03.13
Apr 24 2214 03.14
Apr 25 2215 03.15
Apr 26 2216 03.16
Apr 10 1990 03.00
Apr 11 1991 03.01
Apr 12 1992 03.02
Apr 13 1993 03.03
Apr 14 1994 03.04
Apr 15 1995 03.05
Apr 16 1996 03.06
Apr 16 1996 03.06
Apr 17 1997 03.07
Apr 18 1998 03.08
Apr 19 1999 03.09
Apr 20 2000 03.10
Apr 21 2211 03.11
Apr 22 2212 07.12
Apr 23 2213 07.13
Apr 24 2214 07.14
Apr 25 2215 07.15
Apr 26 2216 07.16
Apr 10 1990 07.00
Apr 11 1991 07.01
Apr 12 1992 07.02
Apr 13 1993 07.43
Apr 14 1994 07.44
Apr 15 1995 07.45
Apr 16 1996 07.46
Apr 16 1996 07.46
Apr 17 1997 07.47
Apr 18 1998 07.48
Apr 19 1999 07.09
Apr 20 2000 07.10
May 21 2211 07.11
May 22 2212 07.12
May 23 2213 07.13
May 24 2214 07.14
May 25 2215 07.15
May 26 2216 07.16
May 10 1990 07.00
May 11 1991 07.01
May 12 1992 07.02
May 13 1993 09.03
May 14 1994 09.04
May 15 1995 09.05
May 16 1996 09.06
May 16 1996 09.06
May 17 1997 09.07
May 18 1998 09.08
Jun 19 1999 09.09
Jun 20 2000 09.10
Jun 21 2211 09.11
Jun 22 2212 09.12
Jun 23 2213 09.13
Jun 24 2214 09.14
Jun 25 2215 09.15
Jun 26 2216 09.16
Jun 10 1990 09.00
Jun 11 1991 09.01
Jun 12 1992 09.02
Jun 13 1993 09.03
Jun 14 1994 09.04
Jun 15 1995 09.05
Jun 16 1996 09.06
Jun 16 1996 09.06
Jun 17 1997 09.07
Jun 18 1998 09.08
Jun 19 1999 09.09
Jun 20 2000 09.10
Jun 21 2211 09.11
Jun 22 2212 09.12
Jul 23 2213 09.13
Jul 24 2214 09.14
Jul 25 2215 08.15
Jul 26 2216 08.16
Jul 10 1990 08.00
Jul 11 1991 08.01
Jul 12 1992 08.02
Jul 13 1993 08.03
Jul 14 1994 08.04
Jul 15 1995 08.05
Jul 16 1996 08.06
Jul 16 1996 08.06
Jul 17 1997 08.07
Jul 18 1998 08.08
Jul 19 1999 08.09
Jul 20 2000 08.10
Jul 21 2211 08.11
Jul 22 2212 08.32
Jul 23 2213 08.33
Jul 24 2214 08.34
Jul 25 2215 08.35
Jul 26 2216 08.36
Jul 10 1990 14.30
Jul 11 1991 14.31
Jul 12 1992 14.32
Jul 13 1993 14.33
Jul 14 1994 14.34
Jul 15 1995 14.05
Jul 16 1996 14.06
Jul 16 1996 14.06
Jul 17 1997 14.07
Jul 18 1998 14.08
Jul 19 1999 14.09
Aug 20 2000 14.10
Aug 21 2211 14.11
Aug 22 2212 14.12
Aug 23 2213 14.13
Aug 24 2214 14.14
Aug 25 2215 14.15
Aug 26 2216 14.16
Aug 10 1990 14.00
Aug 11 1991 14.01
Aug 12 1992 14.02
Aug 13 1993 14.03
Aug 14 1994 10.04
Aug 15 1995 10.05
Aug 16 1996 10.06
Aug 16 1996 10.06
Aug 17 1997 11.07
Aug 18 1998 11.08
Aug 19 1999 11.09
Sep 20 2000 11.10
Sep 21 2211 11.11
Sep 22 2212 11.12
Sep 23 2213 11.13
Sep 24 2214 11.14
Sep 25 2215 11.15
Sep 26 2216 11.16
Sep 10 1990 11.00
Sep 11 1991 11.01
Sep 12 1992 11.02
Sep 13 1993 11.03
Sep 14 1994 11.04
Sep 15 1995 11.05
Sep 16 1996 11.06
Sep 16 1996 11.06
Sep 17 1997 13.07
Sep 18 1998 13.08
Sep 19 1999 13.09
Sep 20 2000 13.10
Sep 21 2211 13.11
Sep 22 2212 13.12
Sep 23 2213 13.13
Sep 24 2214 13.14
Sep 25 2215 13.15
Oct 26 2216 13.16
Oct 10 1990 13.00
Oct 11 1991 13.01
Oct 12 1992 13.22
Oct 13 1993 13.23
Oct 14 1994 13.24
Oct 15 1995 13.25
Oct 16 1996 13.26
Oct 16 1996 13.26
Oct 17 1997 13.07
Oct 18 1998 13.08
Oct 19 1999 13.09
Oct 20 2000 13.10
Oct 21 2211 13.11
Oct 22 2212 17.12
Oct 23 2213 17.13
Oct 24 2214 17.14
Oct 25 2215 17.15
Oct 26 2216 17.16
Oct 26 2216 17.16
Oct 10 1990 17.00
Oct 11 1991 17.01
Oct 12 1992 17.02
Oct 13 1993 17.03
Oct 14 1994 17.04
Oct 15 1995 17.05
Oct 16 1996 17.06
Oct 16 1996 17.06
Oct 17 1997 17.07
Oct 18 1998 17.08
Oct 19 1999 17.09
Oct 20 2000 17.10
Oct 21 2211 17.11
Oct 22 2212 17.12
Oct 23 2213 17.13
Oct 24 2214 17.14
Oct 25 2215 17.15
Nov 26 2216 17.16
Nov 26 2216 17.16
Nov 10 1990 17.00
Nov 11 1991 19.01
Nov 12 1992 19.02
Nov 13 1993 19.03
Nov 14 1994 19.04
Nov 15 1995 19.05
Nov 16 1996 19.06
Nov 16 1996 19.06
Nov 17 1997 19.07
Nov 18 1998 19.08
Nov 19 1999 19.09
Nov 20 2000 19.10
Nov 21 2211 19.11
Nov 22 2212 19.12
Nov 23 2213 19.13
Dec 24 2214 19.14
Dec 25 2215 19.15
Dec 26 2216 19.16
Dec 26 2216 19.16
Dec 10 1990 19.00
Dec 11 1991 19.01
Dec 12 1992 19.02
Dec 13 1993 19.03
Dec 14 1994 19.04
Dec 15 1995 19.05
Dec 16 1996 19.06
Dec 16 1996 19.06
Dec 17 1997 19.07
Dec 18 1998 19.08
Dec 19 1999 19.09
Dec 20 2000 19.10
Dec 21 2211 19.11
Dec 22 2212 18.12
Dec 23 2213 18.13
Dec 24 2214 18.14
Dec 25 2215 18.15
Dec 26 2216 18.16
